Loading dataset: Semi-conductor
Loaded Semi-conductor
-> Feature rows: 1567 | columns: 590
-> Labels: 1567 entries
-> Label sample: [-1.0, -1.0, 1.0, -1.0, -1.0]
-> Label distribution: {-1.0=1463, 1.0=104}
-> All feature columns: [0, 1, 2, 3, 4, 5, 6, 7, 8, 9, 10, 11, 12, 13, 14, 15, 16, 17, 18, 19, 20, 21, 22, 23, 24, 25, 26, 27, 28, 29, 30, 31, 32, 33, 34, 35, 36, 37, 38, 39, 40, 41, 42, 43, 44, 45, 46, 47, 48, 49, 50, 51, 52, 53, 54, 55, 56, 57, 58, 59, 60, 61, 62, 63, 64, 65, 66, 67, 68, 69, 70, 71, 72, 73, 74, 75, 76, 77, 78, 79, 80, 81, 82, 83, 84, 85, 86, 87, 88, 89, 90, 91, 92, 93, 94, 95, 96, 97, 98, 99, 100, 101, 102, 103, 104, 105, 106, 107, 108, 109, 110, 111, 112, 113, 114, 115, 116, 117, 118, 119, 120, 121, 122, 123, 124, 125, 126, 127, 128, 129, 130, 131, 132, 133, 134, 135, 136, 137, 138, 139, 140, 141, 142, 143, 144, 145, 146, 147, 148, 149, 150, 151, 152, 153, 154, 155, 156, 157, 158, 159, 160, 161, 162, 163, 164, 165, 166, 167, 168, 169, 170, 171, 172, 173, 174, 175, 176, 177, 178, 179, 180, 181, 182, 183, 184, 185, 186, 187, 188, 189, 190, 191, 192, 193, 194, 195, 196, 197, 198, 199, 200, 201, 202, 203, 204, 205, 206, 207, 208, 209, 210, 211, 212, 213, 214, 215, 216, 217, 218, 219, 220, 221, 222, 223, 224, 225, 226, 227, 228, 229, 230, 231, 232, 233, 234, 235, 236, 237, 238, 239, 240, 241, 242, 243, 244, 245, 246, 247, 248, 249, 250, 251, 252, 253, 254, 255, 256, 257, 258, 259, 260, 261, 262, 263, 264, 265, 266, 267, 268, 269, 270, 271, 272, 273, 274, 275, 276, 277, 278, 279, 280, 281, 282, 283, 284, 285, 286, 287, 288, 289, 290, 291, 292, 293, 294, 295, 296, 297, 298, 299, 300, 301, 302, 303, 304, 305, 306, 307, 308, 309, 310, 311, 312, 313, 314, 315, 316, 317, 318, 319, 320, 321, 322, 323, 324, 325, 326, 327, 328, 329, 330, 331, 332, 333, 334, 335, 336, 337, 338, 339, 340, 341, 342, 343, 344, 345, 346, 347, 348, 349, 350, 351, 352, 353, 354, 355, 356, 357, 358, 359, 360, 361, 362, 363, 364, 365, 366, 367, 368, 369, 370, 371, 372, 373, 374, 375, 376, 377, 378, 379, 380, 381, 382, 383, 384, 385, 386, 387, 388, 389, 390, 391, 392, 393, 394, 395, 396, 397, 398, 399, 400, 401, 402, 403, 404, 405, 406, 407, 408, 409, 410, 411, 412, 413, 414, 415, 416, 417, 418, 419, 420, 421, 422, 423, 424, 425, 426, 427, 428, 429, 430, 431, 432, 433, 434, 435, 436, 437, 438, 439, 440, 441, 442, 443, 444, 445, 446, 447, 448, 449, 450, 451, 452, 453, 454, 455, 456, 457, 458, 459, 460, 461, 462, 463, 464, 465, 466, 467, 468, 469, 470, 471, 472, 473, 474, 475, 476, 477, 478, 479, 480, 481, 482, 483, 484, 485, 486, 487, 488, 489, 490, 491, 492, 493, 494, 495, 496, 497, 498, 499, 500, 501, 502, 503, 504, 505, 506, 507, 508, 509, 510, 511, 512, 513, 514, 515, 516, 517, 518, 519, 520, 521, 522, 523, 524, 525, 526, 527, 528, 529, 530, 531, 532, 533, 534, 535, 536, 537, 538, 539, 540, 541, 542, 543, 544, 545, 546, 547, 548, 549, 550, 551, 552, 553, 554, 555, 556, 557, 558, 559, 560, 561, 562, 563, 564, 565, 566, 567, 568, 569, 570, 571, 572, 573, 574, 575, 576, 577, 578, 579, 580, 581, 582, 583, 584, 585, 586, 587, 588, 589]
-> Sample feature rows:
         0       1         2         3      4     5        6      7      8        9      10     11       12  13      14       15      16     17       18      19       20       21      22       23       24     25       26     27      28     29     30     31      32       33      34      35      36      37      38       39    40    41   42       43      44       45       46     47       48  49       50       51  52       53    54     55     56     57       58      59       60      61       62      63      64      65       66     67       68  69       70      71       72       73  74      75      76       77        78      79      80      81      82     83     84   85       86       87       88     89        90      91       92       93       94      95      96  97      98      99      100      101     102     103      104      105    106     107     108  109  110  111    112      113 114      115      116      117    118      119      120   121      122   123   124    125      126    127   128     129    130    131    132       133     134   135   136  137     138      139    140 141  142    143    144    145    146    147     148 149   150    151    152    153     154  155      156  157  158    159   160    161    162      163      164   165 166 167      168   169    170    171    172    173    174    175    176   177 178 179   180      181   182    183    184  185 186   187    188 189 190 191 192 193 194   195  196   197      198   199   200  201       202       203    204   205 206   207     208 209    210    211    212    213    214      215    216    217    218    219  220      221      222      223    224       225 226    227    228 229 230 231 232 233 234 235 236 237    238    239 240 241 242 243  244  245  246    247      248 249      250      251      252    253      254      255 256 257 258 259 260 261 262 263 264 265 266    267       268    269     270     271     272     273      274    275 276    277    278      279    280    281    282    283 284    285    286    287    288    289    290      291  292  293      294      295      296       297    298    299    300    301    302    303    304    305    306    307    308    309      310    311    312 313 314 315    316    317    318    319    320    321 322    323     324 325 326 327 328 329 330    331    332    333    334    335    336    337    338    339    340    341 342    343     344     345     346 347    348    349    350    351    352    353    354    355    356     357  358      359      360      361    362      363 364    365    366    367    368 369 370 371 372 373 374 375    376    377 378 379 380 381  382  383  384    385      386 387      388      389      390    391      392      393 394 395 396 397 398 399 400 401 402 403 404    405     406    407    408    409    410    411     412     413 414    415    416    417      418      419    420    421 422     423    424    425    426    427    428      429     430     431     432      433     434    435    436    437     438     439     440    441    442    443    444      445    446    447    448 449 450 451    452    453     454    455     456    457 458    459     460 461 462 463 464 465 466    467      468    469    470     471      472     473     474    475     476    477 478    479      480 481      482      483      484      485      486      487      488      489     490    491  492      493      494      495     496     497 498 499 500 501 502 503 504 505 506 507 508 509      510      511 512 513 514 515  516  517  518     519      520 521      522      523      524       525      526      527 528 529 530 531 532 533 534 535 536 537 538    539    540     541    542    543    544      545    546        547    548    549   550  551    552    553    554     555    556    557    558    559    560     561     562    563  564    565    566    567    568     569      570      571      572      573      574      575      576      577    578    579    580      581    582    583    584    585    586    587    588      589
 0 3030.93 2564.00 2187.7333 1411.1265 1.3602 100.0  97.6133 0.1242 1.5005  0.01620 -0.0034 0.9455 202.4396 0.0  7.9558 414.8710 10.0433 0.9680 192.3963 12.5190 0.814395 -5419.00 2916.50 -4043.75   751.00 0.8955 1.773000 3.0490 64.2333 2.0222 0.1632 3.5191 83.3971 9.512600 50.6170 64.2588 49.3830 66.3141 86.9555 117.5132 61.29 4.515 70.0 352.7173 10.1841 130.3691 723.3092 1.3072 141.2282 1.0 624.3145 218.3174 0.0 4.592000 4.841 2834.0 0.9317 0.9484 4.705700 -1.7264 350.9264 10.6231 108.6427 16.1445 21.7264 29.5367 693.7724 0.9226 148.6009 1.0 608.1700 84.0793     null     null 0.0  0.0126 -0.0206  0.01410 -0.030700 -0.0083 -0.0026 -0.0567 -0.0044 7.2163 0.1320 null 0.469649 0.887923 0.251477 0.1841 8671.9301 -0.3274 -0.00550 -0.00010  0.00010 0.00030 -0.2786 0.0  0.3974 -0.0251  0.00020  0.00020  0.1350 -0.0042  0.00030  0.00560 0.0000 -0.2468  0.3196 null null null   null 0.753458 0.0 0.537668 0.984375 0.021720 0.6002 0.983757 0.522891 15.88 2.639000 15.94 15.93 0.8656 3.353000 0.4098 3.188 -0.0473 0.7243 0.9960 2.2967 1000.7263 39.2373 123.0 111.3 75.2 46.2000 350.6710 0.3948 0.0 6.78 0.0034 0.0898 0.0850 0.0358 0.0328 12.2566 0.0 4.271 10.284 0.4734 0.0167 11.8901 0.41 0.018032 null null 1017.0 967.0 1066.0  368.0 0.090000 0.048000 0.095 2.0 0.9 0.069000 0.046 0.7250 0.1139 0.3183 0.5888 0.3184 0.9499 0.3979 0.160 0.0 0.0 20.95 0.333000 12.49 16.713 0.0803 5.72 0.0 11.19 65.363 0.0 0.0 0.0 0.0 0.0 0.0 0.292 5.38 20.10 0.296000 10.62 10.30 5.38  4.040000 16.230000 0.2951  8.64 0.0 10.30  97.314 0.0 0.0772 0.0599 0.0700 0.0547 0.0704 0.052000 0.0301 0.1135 3.4789 0.0010 null 0.240855 0.020993 0.082317 0.0315 1940.3994 0.0 0.0744 0.0546 0.0 0.0 0.0 0.0 0.0 0.0 0.0 0.0 0.0 0.0027 0.0040 0.0 0.0 0.0 0.0 null null null   null 0.016285 0.0 0.181065 0.000808 0.000812 0.0189 0.042857 0.375657 0.0 0.0 0.0 0.0 0.0 0.0 0.0 0.0 0.0 0.0 0.0 0.0472 40.855000 4.5152 30.9815 33.9606 22.9057 15.9525 110.2144 0.1310 0.0 2.5883 0.0010 0.031900 0.0197 0.0120 0.0109 3.9321 0.0 1.5123 3.5811 0.1337 0.0055 3.8447 0.1077 0.018758 null null 418.1363 398.3185 496.1582  158.3330 0.0373 0.0202 0.0462 0.6083 0.3032 0.0200 0.0174 0.2827 0.0434 0.1342 0.2419 0.1343 0.367000 0.1431 0.0610 0.0 0.0 0.0 6.2698 0.1181 3.8208 5.3737 0.0254 1.6252 0.0 3.2461 18.0118 0.0 0.0 0.0 0.0 0.0 0.0 0.0752 1.5989 6.5893 0.0913 3.0911 8.4654 1.5989 1.2293 5.3406 0.0867 2.8551 0.0 2.9971 31.8843    null    null 0.0 0.0215 0.0274 0.0315 0.0238 0.0206 0.0238 0.0144 0.0491 1.2708 0.00040 null 0.188424 0.015652 0.082922 0.0105 560.2658 0.0 0.0170 0.0148 0.0124 0.0114 0.0 0.0 0.0 0.0 0.0 0.0 0.0 0.0010 0.0013 0.0 0.0 0.0 0.0 null null null   null 0.015359 0.0 0.161401 0.000640 0.000860 0.0082 0.053571 0.412896 0.0 0.0 0.0 0.0 0.0 0.0 0.0 0.0 0.0 0.0 0.0 0.0151 14.2396 1.4392 5.6188 3.6721 2.9329 2.1118 24.8504 29.0271 0.0 6.9458 2.7380 5.9846 525.0965   0.0000 3.4641 6.0544 0.0 53.6840 2.4788 4.7141 1.7275 6.1800 3.2750 0.015200 18.7673 33.1562 26.3617  49.0013 10.0503 2.7073 3.1158 3.1136 44.5055 42.2737  1.3071 0.8693 1.1975 0.6288 0.9163 0.644800 1.4324 0.4576 0.1362 0.0 0.0 0.0 5.9396 3.2698  9.5805 2.3106  6.1463 4.0502 0.0 1.7924 29.9394 0.0 0.0 0.0 0.0 0.0 0.0 6.2052 311.6377 5.7277 2.7864  9.7752  63.7987 24.7625 13.6778 2.3394 31.9893 5.8142 0.0 1.6936 115.7408 0.0 613.3069 291.4842 494.6996 178.1759 843.1138   0.0000  53.1098   0.0000 48.2091 0.7578 null 0.247859 0.016777 0.077927 17.1202 22.3756 0.0 0.0 0.0 0.0 0.0 0.0 0.0 0.0 0.0 0.0 0.0 0.0  64.6707   0.0000 0.0 0.0 0.0 0.0 null null null    null 0.015026 0.0 0.197330 0.000751 0.004341  3.140600 0.041814 0.368353 0.0 0.0 0.0 0.0 0.0 0.0 0.0 0.0 0.0 0.0 0.0 2.0570 4.0825 11.5074 0.1096 0.0078 0.0026 7.116000 1.0616 395.570000 75.752 0.4234 12.93 0.78 0.1827 5.7349 0.3363 39.8842 3.2687 1.0297 1.0344 0.4385 0.1039 42.3877    null   null null   null   null   null   null    null 0.795609 0.642926 0.011995 0.116901 0.011971 0.150986 0.011285 0.112244   null   null   null     null 0.5005 0.0118 0.0035 2.3630   null   null   null     null
 1 3095.78 2465.14 2230.4222 1463.6606 0.8294 100.0 102.3433 0.1247 1.4966 -0.00050 -0.0148 0.9627 200.5470 0.0 10.1548 414.7347  9.2599 0.9701 191.2872 12.4608 0.740957 -5441.50 2604.25 -3498.75 -1640.25 1.2973 2.014300 7.3900 68.4222 2.2667 0.2102 3.4171 84.9052 9.799700 50.6596 64.2828 49.3404 64.9193 87.5241 118.1188 78.25 2.773 70.0 352.2445 10.0373 133.1727 724.8264 1.2887 145.8445 1.0 631.2618 205.1695 0.0 4.590000 4.842 2853.0 0.9324 0.9479 4.682000  0.8073 352.0073 10.3092 113.9800 10.9036 19.1927 27.6301 697.1964 1.1598 154.3709 1.0 620.3582 82.3494     null     null 0.0 -0.0039 -0.0198  0.00040 -0.044000 -0.0358 -0.0120 -0.0377  0.0017 6.8043 0.1358 null 0.424601 0.981244 0.636734 0.1874 8407.0299  0.1455 -0.00150  0.00000 -0.00050 0.00010  0.5854 0.0 -0.9353 -0.0158 -0.00040 -0.00040 -0.0752 -0.0045  0.00020  0.00150 0.0000  0.0772 -0.0903 null null null   null 0.724980 0.0 0.492045 0.978516 0.022636 0.5958 0.932203 0.576019 15.88 2.541000 15.91 15.88 0.8703 2.771000 0.4138 3.272 -0.0946 0.8122 0.9985 2.2932  998.1081 37.9213  98.0  80.3 81.0 56.2000 219.7679 0.2301 0.0 5.70 0.0049 0.1356 0.0600 0.0547 0.0204 12.3319 0.0 6.285 13.077 0.5666 0.0144 11.8428 0.35 0.014882 null null  568.0  59.0  297.0 3277.0 0.112000 0.115000 0.124 2.2 1.1 0.079000 0.561 1.0498 0.1917 0.4115 0.6582 0.4115 1.0181 0.2315 0.325 0.0 0.0 17.99 0.439000 10.14 16.358 0.0892 6.92 0.0  9.05 82.986 0.0 0.0 0.0 0.0 0.0 0.0 0.222 3.74 19.59 0.316000 11.65  8.02 3.74  3.659000 15.078000 0.3580  8.96 0.0  8.02 134.250 0.0 0.0566 0.0488 0.1651 0.1578 0.0468 0.098700 0.0734 0.0747 3.9578 0.0050 null 0.266508 0.001110 0.055375 0.0238 1988.0000 0.0 0.0203 0.0236 0.0 0.0 0.0 0.0 0.0 0.0 0.0 0.0 0.0 0.0064 0.0036 0.0 0.0 0.0 0.0 null null null   null 0.012781 0.0 0.156566 0.000404 0.001229 0.0187 0.089610 0.560982 0.0 0.0 0.0 0.0 0.0 0.0 0.0 0.0 0.0 0.0 0.0 0.0411 29.743000 3.6327 29.0598 28.9862 22.3163 17.4008  83.5542 0.0767 0.0 1.8459 0.0012 0.044000 0.0171 0.0154 0.0069 3.9011 0.0 2.1016 3.9483 0.1662 0.0049 3.7836 0.1000 0.014687 null null 233.9865  26.5879 139.2082 1529.7622 0.0502 0.0561 0.0591 0.8151 0.3464 0.0291 0.1822 0.3814 0.0715 0.1667 0.2630 0.1667 0.375200 0.0856 0.1214 0.0 0.0 0.0 5.6522 0.1417 2.9939 5.2445 0.0264 1.8045 0.0 2.7661 23.6230 0.0 0.0 0.0 0.0 0.0 0.0 0.0778 1.1506 5.9247 0.0878 3.3604 7.7421 1.1506 1.1265 5.0108 0.1013 2.4278 0.0 2.4890 41.7080    null    null 0.0 0.0142 0.0230 0.0768 0.0729 0.0143 0.0513 0.0399 0.0365 1.2474 0.00170 null 0.211823 0.000978 0.066408 0.0069 677.1873 0.0 0.0053 0.0059 0.0081 0.0033 0.0 0.0 0.0 0.0 0.0 0.0 0.0 0.0022 0.0013 0.0 0.0 0.0 0.0 null null null   null 0.013399 0.0 0.171639 0.000320 0.001069 0.0068 0.098214 0.595400 0.0 0.0 0.0 0.0 0.0 0.0 0.0 0.0 0.0 0.0 0.0 0.0120 10.5837 1.0323 4.3465 2.5939 3.2858 2.5197 15.0150 27.7464 0.0 5.5695 3.9300 9.0604   0.0000 368.9713 2.1196 6.1491 0.0 61.8918 3.1531 6.1188 1.4857 6.1911 2.8088 0.012785 10.4383  2.2655  8.4887 199.7866  8.6336 5.7093 1.6779 3.2153 48.5294 37.5793 16.4174 1.2364 1.9562 0.8123 1.0239 0.834000 1.5683 0.2645 0.2751 0.0 0.0 0.0 5.1072 4.3737  7.6142 2.2568  6.9233 4.7448 0.0 1.4336 40.4475 0.0 0.0 0.0 0.0 0.0 0.0 4.7415 463.2883 5.5652 3.0652 10.2211  73.5536 19.4865 13.2430 2.1627 30.8643 5.8042 0.0 1.2928 163.0249 0.0   0.0000 246.7762   0.0000 359.0444 130.6350 820.7900 194.4371   0.0000 58.1666 3.6822 null 0.276554 0.000862 0.046041 12.6788 23.6469 0.0 0.0 0.0 0.0 0.0 0.0 0.0 0.0 0.0 0.0 0.0 0.0 141.4365   0.0000 0.0 0.0 0.0 0.0 null null null    null 0.011821 0.0 0.175280 0.000373 0.006535  3.131000 0.088719 0.543008 0.0 0.0 0.0 0.0 0.0 0.0 0.0 0.0 0.0 0.0 0.0 1.7910 2.9799  9.5796 0.1096 0.0078 0.0026 7.116000 1.3526 408.798000 74.640 0.7193 16.00 1.33 0.2829 7.1196 0.4989 53.1836 3.9139 1.7819 0.9634 0.1745 0.0375 18.1087    null   null null   null   null   null   null    null 0.799892 0.826067 0.005277 0.093239 0.005750 0.102807 0.004934 0.068396 0.0096 0.0201 0.0060 208.2045 0.5019 0.0223 0.0055 4.4447 0.0096 0.0201 0.0060 208.2045
 2 2932.61 2559.94 2186.4111 1698.0172 1.5102 100.0  95.4878 0.1241 1.4436  0.00410  0.0013 0.9615 202.0179 0.0  9.5157 416.7075  9.3144 0.9674 192.7035 12.5404 0.849836 -5447.75 2701.75 -4047.00 -1916.50 1.3122 2.029500 7.5788 67.1333 2.3333 0.1734 3.5986 84.7569 8.659000 50.1530 64.1114 49.8470 65.8389 84.7327 118.6128 14.37 5.434 70.0 364.3782  9.8783 131.8027 734.7924 1.2992 141.0845 1.0 637.2655 185.7574 0.0 4.486000 4.748 2936.0 0.9139 0.9447 4.587300 23.8245 364.5364 10.1685 115.6273 11.3019 16.1755 24.2829 710.5095 0.8694 145.8000 1.0 625.9636 84.7681 140.6972 485.2665 0.0 -0.0078 -0.0326 -0.00520  0.021300 -0.0054 -0.1134 -0.0182  0.0287 7.1041 0.1362 null 0.673163 0.974840 0.122208 0.1497 9317.1698  0.0553  0.00060 -0.00130  0.00000 0.00020 -0.1343 0.0 -0.1427  0.1218  0.00060 -0.00010  0.0134 -0.0026 -0.00160 -0.00060 0.0013 -0.0301 -0.0728 null null null 0.4684 0.567128 0.0 0.458737 0.975586 0.021913 0.6015 0.961158 0.553733 15.90 2.882000 15.94 15.95 0.8798 3.094000 0.4777 3.272 -0.1892 0.8194 0.9978 2.2592  998.4440 42.0579  89.0 126.4 96.5 45.1001 306.0380 0.3263 0.0 8.33 0.0038 0.0754 0.0483 0.0619 0.0221  8.2660 0.0 4.819  8.443 0.4909 0.0177  8.2054 0.47 0.017622 null null  562.0 788.0  759.0 2100.0 0.187000 0.117000 0.068 2.1 1.4 0.123000 0.319 1.0824 0.0369 0.3141 0.5753 0.3141 0.9677 0.2706 0.326 0.0 0.0 17.78 0.745000 13.31 22.912 0.1959 9.21 0.0 17.87 60.110 0.0 0.0 0.0 0.0 0.0 0.0 0.139 5.09 19.75 0.949000  9.71 16.73 5.09 11.059000 22.624000 0.1164 13.30 0.0 16.73  79.618 0.0 0.0339 0.0494 0.0696 0.0406 0.0401 0.084000 0.0349 0.0718 2.4266 0.0014 null 0.362470 0.015038 0.086508 0.0284  839.6006 0.0 0.0192 0.0170 0.0 0.0 0.0 0.0 0.0 0.0 0.0 0.0 0.0 0.0062 0.0040 0.0 0.0 0.0 0.0 null null null 0.1729 0.025046 0.0 0.075902 0.000404 0.001325 0.0733 0.059740 0.362760 0.0 0.0 0.0 0.0 0.0 0.0 0.0 0.0 0.0 0.0 0.0 0.0487 29.621000 3.9133 23.5510 41.3837 32.6256 15.7716  97.3868 0.1117 0.0 2.5274 0.0012 0.024900 0.0152 0.0157 0.0075 2.8705 0.0 1.5306 2.5493 0.1479 0.0059 2.8046 0.1185 0.018758 null null 251.4536 329.6406 325.0672  902.4576 0.0800 0.0583 0.0326 0.6964 0.4031 0.0416 0.1041 0.3846 0.0151 0.1288 0.2268 0.1288 0.367700 0.1175 0.1261 0.0 0.0 0.0 5.7247 0.2682 3.8541 6.1797 0.0546 2.5680 0.0 4.6067 16.0104 0.0 0.0 0.0 0.0 0.0 0.0 0.0243 1.5481 5.9453 0.2777 3.1600 8.9855 1.5481 2.9844 6.2277 0.0353 3.7663 0.0 5.6983 24.7959 13.5664 15.4488 0.0 0.0105 0.0208 0.0327 0.0171 0.0116 0.0428 0.0154 0.0383 0.7786 0.00050 null 0.278325 0.011005 0.088241 0.0092 283.6616 0.0 0.0054 0.0043 0.0030 0.0037 0.0 0.0 0.0 0.0 0.0 0.0 0.0 0.0021 0.0015 0.0 0.0 0.0 0.0 null null null 0.0221 0.030065 0.0 0.065466 0.000640 0.001156 0.0190 0.066964 0.389517 0.0 0.0 0.0 0.0 0.0 0.0 0.0 0.0 0.0 0.0 0.0 0.0190 11.4871 1.1798 4.0782 4.3102 3.7696 2.0627 18.0233 21.6062 0.0 8.7236 3.0609 5.2231   0.0000   0.0000 2.2943 4.0917 0.0 50.6425 2.0261 5.2707 1.8268 4.2581 3.7479 0.014735 10.3162 29.1663 18.7546 109.5747 14.2503 5.7650 0.8972 3.1281 60.0000 70.9161  8.8647 1.2771 0.4264 0.6263 0.8973 0.630100 1.4698 0.3194 0.2748 0.0 0.0 0.0 4.8795 7.5418 10.0984 3.1182 15.0790 6.5280 0.0 2.8042 32.3594 0.0 0.0 0.0 0.0 0.0 0.0 3.0301  21.3645 5.4178 9.3327  8.3977 148.0287 31.4674 45.5423 3.1842 13.3923 9.1221 0.0 2.6727  93.9245 0.0 434.2674 151.7665   0.0000 190.3869 746.9150  74.0741 191.7582 250.1742 34.1573 1.0281 null 0.360679 0.011773 0.085471 18.9849  9.0113 0.0 0.0 0.0 0.0 0.0 0.0 0.0 0.0 0.0 0.0 0.0 0.0 240.7767 244.2748 0.0 0.0 0.0 0.0 null null null 36.9067 0.023787 0.0 0.087568 0.000443 0.007073 12.183100 0.059080 0.349148 0.0 0.0 0.0 0.0 0.0 0.0 0.0 0.0 0.0 0.0 0.0 2.1538 2.9667  9.3046 0.1096 0.0078 0.0026 7.116000 0.7942 411.136000 74.654 0.1832 16.16 0.85 0.0857 7.1619 0.3752 23.0713 3.9306 1.1386 1.5021 0.3718 0.1233 24.7524 267.064 0.9032  1.1 0.6219 0.4122 0.2562 0.4119 68.8489 0.799922 0.596317 0.017006 0.057042 0.018066 0.077769 0.015949 0.050771 0.0584 0.0484 0.0148  82.8602 0.4958 0.0157 0.0039 3.1745 0.0584 0.0484 0.0148  82.8602


Running Binary Grey Wolf Optimizer...
Starting Binary Grey Wolf Optimizer with a budget of 1000 evaluations (Population: 50).
Iteration 1: Alpha Score = 0.8923, Acc = 0.9331, Features = 258, Evals = 50/1000
Iteration 2: Alpha Score = 0.8923, Acc = 0.9331, Features = 258, Evals = 100/1000
Iteration 3: Alpha Score = 0.8923, Acc = 0.9331, Features = 258, Evals = 150/1000
Iteration 4: Alpha Score = 0.8923, Acc = 0.9331, Features = 258, Evals = 200/1000
Iteration 5: Alpha Score = 0.8923, Acc = 0.9331, Features = 258, Evals = 250/1000
Iteration 6: Alpha Score = 0.8923, Acc = 0.9331, Features = 258, Evals = 300/1000
Iteration 7: Alpha Score = 0.8923, Acc = 0.9331, Features = 258, Evals = 350/1000
Iteration 8: Alpha Score = 0.8923, Acc = 0.9331, Features = 258, Evals = 400/1000
Iteration 9: Alpha Score = 0.8923, Acc = 0.9331, Features = 258, Evals = 450/1000
Iteration 10: Alpha Score = 0.8923, Acc = 0.9331, Features = 258, Evals = 500/1000
Iteration 11: Alpha Score = 0.8923, Acc = 0.9331, Features = 258, Evals = 550/1000
Iteration 12: Alpha Score = 0.8923, Acc = 0.9331, Features = 258, Evals = 600/1000
Iteration 13: Alpha Score = 0.8923, Acc = 0.9331, Features = 258, Evals = 650/1000
Iteration 14: Alpha Score = 0.8923, Acc = 0.9331, Features = 258, Evals = 700/1000
Iteration 15: Alpha Score = 0.8923, Acc = 0.9331, Features = 258, Evals = 750/1000
Iteration 16: Alpha Score = 0.8923, Acc = 0.9331, Features = 258, Evals = 800/1000
Iteration 17: Alpha Score = 0.8923, Acc = 0.9331, Features = 258, Evals = 850/1000
Iteration 18: Alpha Score = 0.8923, Acc = 0.9331, Features = 258, Evals = 900/1000
Iteration 19: Alpha Score = 0.8923, Acc = 0.9331, Features = 258, Evals = 950/1000
Iteration 20: Alpha Score = 0.8923, Acc = 0.9331, Features = 258, Evals = 1000/1000
Binary Grey Wolf Optimizer finished. Best fitness: 0.8923
Iterations run: 20
Total solutions evaluated (actual): 1000
Returning a DataFrame with 259 selected columns: [0, 1, 4, 5, 8, 9, 11, 12, 13, 15, 23, 26, 28, 32, 34, 37, 38, 45, 47, 48, 51, 52, 54, 65, 73, 74, 75, 79, 86, 87, 88, 89, 90, 91, 93, 94, 100, 102, 103, 104, 107, 113, 116, 118, 119, 122, 123, 124, 128, 129, 133, 135, 137, 138, 139, 140, 147, 148, 152, 157, 158, 162, 163, 164, 165, 166, 170, 171, 173, 176, 178, 179, 181, 183, 186, 187, 188, 190, 191, 198, 199, 206, 211, 214, 215, 221, 224, 226, 228, 229, 230, 231, 234, 236, 237, 238, 240, 242, 245, 246, 247, 248, 249, 250, 251, 256, 257, 258, 259, 260, 261, 263, 265, 268, 269, 270, 272, 275, 279, 280, 283, 285, 287, 291, 294, 296, 298, 302, 304, 309, 311, 316, 319, 325, 326, 327, 330, 331, 333, 334, 335, 338, 344, 345, 346, 349, 350, 352, 354, 355, 360, 365, 366, 370, 371, 372, 373, 378, 379, 382, 383, 384, 386, 387, 391, 394, 396, 397, 398, 399, 401, 403, 404, 406, 410, 411, 412, 414, 415, 416, 418, 420, 421, 422, 424, 427, 428, 429, 430, 433, 439, 440, 441, 443, 445, 447, 452, 454, 455, 456, 457, 460, 461, 464, 465, 466, 472, 474, 479, 483, 485, 486, 488, 490, 493, 494, 496, 497, 498, 502, 504, 505, 507, 509, 510, 515, 521, 524, 525, 528, 531, 532, 534, 536, 537, 538, 539, 540, 543, 544, 545, 546, 547, 548, 549, 550, 556, 559, 565, 566, 567, 572, 574, 579, 581, 584, 586, 587, 589]

Optimization complete.
Selected 258 / 589 features.
Selected columns: [0, 1, 4, 5, 8, 9, 11, 12, 13, 15, 23, 26, 28, 32, 34, 37, 38, 45, 47, 48, 51, 52, 54, 65, 73, 74, 75, 79, 86, 87, 88, 89, 90, 91, 93, 94, 100, 102, 103, 104, 107, 113, 116, 118, 119, 122, 123, 124, 128, 129, 133, 135, 137, 138, 139, 140, 147, 148, 152, 157, 158, 162, 163, 164, 165, 166, 170, 171, 173, 176, 178, 179, 181, 183, 186, 187, 188, 190, 191, 198, 199, 206, 211, 214, 215, 221, 224, 226, 228, 229, 230, 231, 234, 236, 237, 238, 240, 242, 245, 246, 247, 248, 249, 250, 251, 256, 257, 258, 259, 260, 261, 263, 265, 268, 269, 270, 272, 275, 279, 280, 283, 285, 287, 291, 294, 296, 298, 302, 304, 309, 311, 316, 319, 325, 326, 327, 330, 331, 333, 334, 335, 338, 344, 345, 346, 349, 350, 352, 354, 355, 360, 365, 366, 370, 371, 372, 373, 378, 379, 382, 383, 384, 386, 387, 391, 394, 396, 397, 398, 399, 401, 403, 404, 406, 410, 411, 412, 414, 415, 416, 418, 420, 421, 422, 424, 427, 428, 429, 430, 433, 439, 440, 441, 443, 445, 447, 452, 454, 455, 456, 457, 460, 461, 464, 465, 466, 472, 474, 479, 483, 485, 486, 488, 490, 493, 494, 496, 497, 498, 502, 504, 505, 507, 509, 510, 515, 521, 524, 525, 528, 531, 532, 534, 536, 537, 538, 539, 540, 543, 544, 545, 546, 547, 548, 549, 550, 556, 559, 565, 566, 567, 572, 574, 579, 581, 584, 586, 587]
Model trained successfully for Semi-conductor.

Evaluation Metrics Base:
Accuracy: 0.9331
Precision: 0.4666
Recall: 0.5000
F1 Score: 0.4827

Evaluation Metrics Optimized:
Accuracy: 0.9331
Precision: 0.4666
Recall: 0.5000
F1 Score: 0.4827

Final Summary for Semi-conductor:
Selected Features: 258 / 589